AL513382.1:4522618-4523895	311189_201186_Contig-16_Length-135691	100.000	1278	0	0	1	1278	99582	98305	0.0	2361
AL513382.1:4522618-4523895	311189_203186_Contig-14_Length-135691	100.000	1278	0	0	1	1278	99582	98305	0.0	2361
AL513382.1:4522618-4523895	311189_204186_Contig-16_Length-135691	100.000	1278	0	0	1	1278	99582	98305	0.0	2361
AL513382.1:4522618-4523895	311189_206186_Contig-16_Length-135691	100.000	1278	0	0	1	1278	99582	98305	0.0	2361
AL513382.1:4522618-4523895	311189_207186_Contig-16_Length-135691	100.000	1278	0	0	1	1278	99582	98305	0.0	2361
AL513382.1:4522618-4523895	311189_208103_Contig-16_Length-135691	100.000	1278	0	0	1	1278	99582	98305	0.0	2361
AL513382.1:4522618-4523895	311189_208186_Contig-16_Length-135691	100.000	1278	0	0	1	1278	99582	98305	0.0	2361
AL513382.1:4522618-4523895	311189_209186_Contig-16_Length-135656	100.000	1278	0	0	1	1278	99547	98270	0.0	2361
AL513382.1:4522618-4523895	311189_210186_Contig-30_Length-54476	100.000	1278	0	0	1	1278	18367	17090	0.0	2361
AL513382.1:4522618-4523895	311189_211186_Contig-14_Length-135691	100.000	1278	0	0	1	1278	99582	98305	0.0	2361
AL513382.1:4522618-4523895	311189_212186_Contig-29_Length-54476	100.000	1278	0	0	1	1278	18367	17090	0.0	2361
AL513382.1:4522618-4523895	311189_213186_Contig-15_Length-135691	100.000	1278	0	0	1	1278	99582	98305	0.0	2361
AL513382.1:4522618-4523895	311189_214186_Contig-15_Length-135656	100.000	1278	0	0	1	1278	99547	98270	0.0	2361
AL513382.1:4522618-4523895	311189_215186_Contig-16_Length-135598	100.000	1278	0	0	1	1278	99489	98212	0.0	2361
AL513382.1:4522618-4523895	311189_216103_Contig-16_Length-135711	100.000	1278	0	0	1	1278	99583	98306	0.0	2361
AL513382.1:4522618-4523895	311189_217103_Contig-16_Length-135897	100.000	1278	0	0	1	1278	99775	98498	0.0	2361
AL513382.1:4522618-4523895	311189_217186_Contig-16_Length-135691	100.000	1278	0	0	1	1278	99582	98305	0.0	2361
AL513382.1:4522618-4523895	311189_218186_Contig-16_Length-135691	100.000	1278	0	0	1	1278	99582	98305	0.0	2361
AL513382.1:4522618-4523895	311189_219186_Contig-16_Length-135691	100.000	1278	0	0	1	1278	99582	98305	0.0	2361
AL513382.1:4522618-4523895	311189_220186_Contig-16_Length-135691	100.000	1278	0	0	1	1278	99582	98305	0.0	2361
AL513382.1:4522618-4523895	311189_221186_Contig-15_Length-135691	100.000	1278	0	0	1	1278	99582	98305	0.0	2361
AL513382.1:4522618-4523895	311189_222186_Contig-28_Length-54489	100.000	1278	0	0	1	1278	18367	17090	0.0	2361
AL513382.1:4522618-4523895	311189_223186_Contig-16_Length-135691	100.000	1278	0	0	1	1278	99582	98305	0.0	2361
AL513382.1:4522618-4523895	311189_224186_Contig-16_Length-135691	100.000	1278	0	0	1	1278	99582	98305	0.0	2361
AL513382.1:4522618-4523895	311189_225186_Contig-15_Length-135562	100.000	1278	0	0	1	1278	99453	98176	0.0	2361
AL513382.1:4522618-4523895	311189_226186_Contig-29_Length-54476	100.000	1278	0	0	1	1278	18367	17090	0.0	2361
AL513382.1:4522618-4523895	311189_230186_Contig-16_Length-135691	100.000	1278	0	0	1	1278	99582	98305	0.0	2361
AL513382.1:4522618-4523895	311189_231186_Contig-16_Length-135691	100.000	1278	0	0	1	1278	99582	98305	0.0	2361
AL513382.1:4522618-4523895	311189_232103_Contig-16_Length-135804	100.000	1278	0	0	1	1278	99682	98405	0.0	2361
AL513382.1:4522618-4523895	311189_234186_Contig-16_Length-135691	100.000	1278	0	0	1	1278	99582	98305	0.0	2361
AL513382.1:4522618-4523895	311189_235103_Contig-16_Length-135691	100.000	1278	0	0	1	1278	99582	98305	0.0	2361
AL513382.1:4522618-4523895	311189_235186_Contig-16_Length-135612	100.000	1278	0	0	1	1278	99490	98213	0.0	2361
AL513382.1:4522618-4523895	311189_236186_Contig-16_Length-135691	100.000	1278	0	0	1	1278	99582	98305	0.0	2361
AL513382.1:4522618-4523895	311189_237103_Contig-16_Length-135670	100.000	1278	0	0	1	1278	99548	98271	0.0	2361
AL513382.1:4522618-4523895	311189_237186_Contig-16_Length-135656	100.000	1278	0	0	1	1278	99547	98270	0.0	2361
AL513382.1:4522618-4523895	311189_238186_Contig-16_Length-135691	100.000	1278	0	0	1	1278	99582	98305	0.0	2361
AL513382.1:4522618-4523895	311189_239103_Contig-16_Length-135897	100.000	1278	0	0	1	1278	99775	98498	0.0	2361
AL513382.1:4522618-4523895	311189_239186_Contig-16_Length-135705	100.000	1278	0	0	1	1278	99583	98306	0.0	2361
AL513382.1:4522618-4523895	311189_240186_Contig-27_Length-54476	100.000	1278	0	0	1	1278	36110	37387	0.0	2361
AL513382.1:4522618-4523895	311189_241186_Contig-16_Length-135691	100.000	1278	0	0	1	1278	99582	98305	0.0	2361
AL513382.1:4522618-4523895	311189_242186_Contig-16_Length-135691	100.000	1278	0	0	1	1278	99582	98305	0.0	2361
AL513382.1:4522618-4523895	311189_243186_Contig-16_Length-135705	100.000	1278	0	0	1	1278	99583	98306	0.0	2361
AL513382.1:4522618-4523895	311189_244103_Contig-16_Length-135691	100.000	1278	0	0	1	1278	99582	98305	0.0	2361
AL513382.1:4522618-4523895	311189_244186_Contig-16_Length-135691	100.000	1278	0	0	1	1278	99582	98305	0.0	2361
AL513382.1:4522618-4523895	311189_245103_Contig-16_Length-135691	100.000	1278	0	0	1	1278	99582	98305	0.0	2361
AL513382.1:4522618-4523895	311189_245186_Contig-16_Length-135804	100.000	1278	0	0	1	1278	99682	98405	0.0	2361
AL513382.1:4522618-4523895	311189_246103_Contig-15_Length-135691	100.000	1278	0	0	1	1278	99582	98305	0.0	2361
AL513382.1:4522618-4523895	311189_246186_Contig-16_Length-135705	100.000	1278	0	0	1	1278	99583	98306	0.0	2361
AL513382.1:4522618-4523895	311189_247103_Contig-16_Length-135705	100.000	1278	0	0	1	1278	99583	98306	0.0	2361
AL513382.1:4522618-4523895	311189_247186_Contig-17_Length-133260	100.000	1278	0	0	1	1278	99304	98027	0.0	2361
AL513382.1:4522618-4523895	311189_248186_Contig-15_Length-135691	100.000	1278	0	0	1	1278	99582	98305	0.0	2361
AL513382.1:4522618-4523895	311189_249103_Contig-16_Length-135670	100.000	1278	0	0	1	1278	99548	98271	0.0	2361
AL513382.1:4522618-4523895	311189_249186_Contig-16_Length-135705	100.000	1278	0	0	1	1278	99583	98306	0.0	2361
AL513382.1:4522618-4523895	311189_250103_Contig-16_Length-135897	100.000	1278	0	0	1	1278	99775	98498	0.0	2361
AL513382.1:4522618-4523895	311189_250186_Contig-16_Length-135691	100.000	1278	0	0	1	1278	99582	98305	0.0	2361
AL513382.1:4522618-4523895	311189_251103_Contig-16_Length-135691	100.000	1278	0	0	1	1278	99582	98305	0.0	2361
AL513382.1:4522618-4523895	311189_251186_Contig-16_Length-135691	100.000	1278	0	0	1	1278	99582	98305	0.0	2361
AL513382.1:4522618-4523895	311189_252186_Contig-16_Length-135598	100.000	1278	0	0	1	1278	99489	98212	0.0	2361
AL513382.1:4522618-4523895	311189_253103_Contig-16_Length-135691	100.000	1278	0	0	1	1278	99582	98305	0.0	2361
AL513382.1:4522618-4523895	311189_253186_Contig-16_Length-135670	100.000	1278	0	0	1	1278	99548	98271	0.0	2361
AL513382.1:4522618-4523895	311189_254186_Contig-16_Length-135655	100.000	1278	0	0	1	1278	99546	98269	0.0	2361
AL513382.1:4522618-4523895	311189_255186_Contig-16_Length-135656	100.000	1278	0	0	1	1278	99547	98270	0.0	2361
AL513382.1:4522618-4523895	311189_256103_Contig-27_Length-53420	100.000	1278	0	0	1	1278	17298	16021	0.0	2361
AL513382.1:4522618-4523895	311189_256186_Contig-16_Length-135691	100.000	1278	0	0	1	1278	99582	98305	0.0	2361
AL513382.1:4522618-4523895	311189_257103_Contig-16_Length-135705	100.000	1278	0	0	1	1278	99583	98306	0.0	2361
AL513382.1:4522618-4523895	311189_257186_Contig-16_Length-135691	100.000	1278	0	0	1	1278	99582	98305	0.0	2361
AL513382.1:4522618-4523895	311189_258103_Contig-14_Length-135563	100.000	1278	0	0	1	1278	99454	98177	0.0	2361
AL513382.1:4522618-4523895	311189_258186_Contig-16_Length-135897	100.000	1278	0	0	1	1278	99775	98498	0.0	2361
AL513382.1:4522618-4523895	311189_259103_Contig-16_Length-135691	100.000	1278	0	0	1	1278	99582	98305	0.0	2361
AL513382.1:4522618-4523895	311189_259186_Contig-28_Length-54476	100.000	1278	0	0	1	1278	18367	17090	0.0	2361
AL513382.1:4522618-4523895	311189_261186_Contig-16_Length-135705	100.000	1278	0	0	1	1278	99583	98306	0.0	2361
AL513382.1:4522618-4523895	311189_262103_Contig-14_Length-135691	100.000	1278	0	0	1	1278	99582	98305	0.0	2361
AL513382.1:4522618-4523895	311189_262186_Contig-15_Length-135691	100.000	1278	0	0	1	1278	99582	98305	0.0	2361
AL513382.1:4522618-4523895	311189_263103_Contig-15_Length-135691	100.000	1278	0	0	1	1278	99582	98305	0.0	2361
AL513382.1:4522618-4523895	311189_263186_Contig-15_Length-135691	100.000	1278	0	0	1	1278	99582	98305	0.0	2361
AL513382.1:4522618-4523895	311189_264103_Contig-16_Length-135691	100.000	1278	0	0	1	1278	99582	98305	0.0	2361
AL513382.1:4522618-4523895	311189_264186_Contig-16_Length-135691	100.000	1278	0	0	1	1278	99582	98305	0.0	2361
AL513382.1:4522618-4523895	311189_265103_Contig-16_Length-135691	100.000	1278	0	0	1	1278	99582	98305	0.0	2361
AL513382.1:4522618-4523895	311189_265186_Contig-16_Length-135691	100.000	1278	0	0	1	1278	99582	98305	0.0	2361
AL513382.1:4522618-4523895	311189_266186_Contig-17_Length-132885	100.000	1278	0	0	1	1278	99548	98271	0.0	2361
AL513382.1:4522618-4523895	311189_267186_Contig-16_Length-135577	100.000	1278	0	0	1	1278	99455	98178	0.0	2361
AL513382.1:4522618-4523895	311189_268103_Contig-16_Length-135705	99.922	1278	1	0	1	1278	99583	98306	0.0	2355
AL513382.1:4522618-4523895	311189_268186_Contig-16_Length-135691	100.000	1278	0	0	1	1278	99582	98305	0.0	2361
AL513382.1:4522618-4523895	311189_269103_Contig-16_Length-135655	100.000	1278	0	0	1	1278	99546	98269	0.0	2361
AL513382.1:4522618-4523895	311189_269186_Contig-16_Length-135691	100.000	1278	0	0	1	1278	99582	98305	0.0	2361
AL513382.1:4522618-4523895	311189_270103_Contig-16_Length-135691	100.000	1278	0	0	1	1278	99582	98305	0.0	2361
AL513382.1:4522618-4523895	311189_270186_Contig-16_Length-135601	100.000	1278	0	0	1	1278	99489	98212	0.0	2361
AL513382.1:4522618-4523895	311189_271103_Contig-16_Length-135691	100.000	1278	0	0	1	1278	99582	98305	0.0	2361
AL513382.1:4522618-4523895	311189_271186_Contig-16_Length-135598	100.000	1278	0	0	1	1278	99489	98212	0.0	2361
AL513382.1:4522618-4523895	311189_272103_Contig-16_Length-135705	100.000	1278	0	0	1	1278	99583	98306	0.0	2361
AL513382.1:4522618-4523895	311189_272186_Contig-15_Length-135705	100.000	1278	0	0	1	1278	99583	98306	0.0	2361
AL513382.1:4522618-4523895	311189_273103_Contig-14_Length-135598	100.000	1278	0	0	1	1278	99489	98212	0.0	2361
AL513382.1:4522618-4523895	311189_273186_Contig-16_Length-135691	100.000	1278	0	0	1	1278	99582	98305	0.0	2361
AL513382.1:4522618-4523895	311189_274103_Contig-16_Length-135691	100.000	1278	0	0	1	1278	99582	98305	0.0	2361
AL513382.1:4522618-4523895	311189_275103_Contig-16_Length-135691	100.000	1278	0	0	1	1278	99582	98305	0.0	2361
AL513382.1:4522618-4523895	311189_276103_Contig-14_Length-135691	100.000	1278	0	0	1	1278	99582	98305	0.0	2361
AL513382.1:4522618-4523895	311189_276186_Contig-17_Length-135705	100.000	1278	0	0	1	1278	99583	98306	0.0	2361
AL513382.1:4522618-4523895	311189_277103_Contig-14_Length-135691	100.000	1278	0	0	1	1278	99582	98305	0.0	2361
AL513382.1:4522618-4523895	311189_277186_Contig-30_Length-54476	100.000	1278	0	0	1	1278	36110	37387	0.0	2361
AL513382.1:4522618-4523895	311189_278103_Contig-14_Length-135691	100.000	1278	0	0	1	1278	99582	98305	0.0	2361
AL513382.1:4522618-4523895	311189_278186_Contig-15_Length-135691	100.000	1278	0	0	1	1278	99582	98305	0.0	2361
AL513382.1:4522618-4523895	311189_279103_Contig-16_Length-135691	100.000	1278	0	0	1	1278	99582	98305	0.0	2361
AL513382.1:4522618-4523895	311189_279186_Contig-16_Length-135691	100.000	1278	0	0	1	1278	99582	98305	0.0	2361
AL513382.1:4522618-4523895	311189_280186_Contig-16_Length-135699	100.000	1278	0	0	1	1278	99583	98306	0.0	2361
AL513382.1:4522618-4523895	311189_281186_Contig-16_Length-135691	100.000	1278	0	0	1	1278	99582	98305	0.0	2361
AL513382.1:4522618-4523895	311189_282103_Contig-14_Length-135598	100.000	1278	0	0	1	1278	99489	98212	0.0	2361
AL513382.1:4522618-4523895	311189_282186_Contig-16_Length-135691	100.000	1278	0	0	1	1278	99582	98305	0.0	2361
AL513382.1:4522618-4523895	311189_284103_Contig-14_Length-135656	100.000	1278	0	0	1	1278	99547	98270	0.0	2361
AL513382.1:4522618-4523895	311189_285103_Contig-14_Length-135691	100.000	1278	0	0	1	1278	99582	98305	0.0	2361
AL513382.1:4522618-4523895	311189_285186_Contig-15_Length-135691	100.000	1278	0	0	1	1278	99582	98305	0.0	2361
AL513382.1:4522618-4523895	311189_286103_Contig-16_Length-135691	100.000	1278	0	0	1	1278	99582	98305	0.0	2361
AL513382.1:4522618-4523895	311189_286186_Contig-16_Length-135799	100.000	1278	0	0	1	1278	99690	98413	0.0	2361
AL513382.1:4522618-4523895	311189_287103_Contig-16_Length-135691	100.000	1278	0	0	1	1278	99582	98305	0.0	2361
AL513382.1:4522618-4523895	311189_287186_Contig-16_Length-135691	100.000	1278	0	0	1	1278	99582	98305	0.0	2361
AL513382.1:4522618-4523895	311189_288186_Contig-16_Length-135691	100.000	1278	0	0	1	1278	99582	98305	0.0	2361
AL513382.1:4522618-4523895	311189_289103_Contig-14_Length-135691	100.000	1278	0	0	1	1278	99582	98305	0.0	2361
AL513382.1:4522618-4523895	311189_290103_Contig-15_Length-135598	100.000	1278	0	0	1	1278	99489	98212	0.0	2361
AL513382.1:4522618-4523895	311189_290186_Contig-27_Length-54476	100.000	1278	0	0	1	1278	18367	17090	0.0	2361
AL513382.1:4522618-4523895	311189_291103_Contig-14_Length-135691	100.000	1278	0	0	1	1278	99582	98305	0.0	2361
AL513382.1:4522618-4523895	311189_291186_Contig-16_Length-135691	100.000	1278	0	0	1	1278	99582	98305	0.0	2361
AL513382.1:4522618-4523895	311189_292103_Contig-16_Length-135691	100.000	1278	0	0	1	1278	99582	98305	0.0	2361
AL513382.1:4522618-4523895	311189_292186_Contig-16_Length-135670	100.000	1278	0	0	1	1278	99548	98271	0.0	2361
AL513382.1:4522618-4523895	311189_293103_Contig-28_Length-54476	100.000	1278	0	0	1	1278	18367	17090	0.0	2361
AL513382.1:4522618-4523895	311189_293186_Contig-16_Length-135691	100.000	1278	0	0	1	1278	99582	98305	0.0	2361
AL513382.1:4522618-4523895	311189_294103_Contig-17_Length-135670	100.000	1278	0	0	1	1278	99548	98271	0.0	2361
AL513382.1:4522618-4523895	311189_295103_Contig-17_Length-135691	100.000	1278	0	0	1	1278	99582	98305	0.0	2361
AL513382.1:4522618-4523895	311189_296186_Contig-16_Length-135691	100.000	1278	0	0	1	1278	99582	98305	0.0	2361
AL513382.1:4522618-4523895	311189_301186_Contig-16_Length-135655	100.000	1278	0	0	1	1278	99546	98269	0.0	2361
AL513382.1:4522618-4523895	311189_302103_Contig-14_Length-135691	100.000	1278	0	0	1	1278	99582	98305	0.0	2361
AL513382.1:4522618-4523895	311189_302186_Contig-16_Length-135691	100.000	1278	0	0	1	1278	99582	98305	0.0	2361
AL513382.1:4522618-4523895	311189_303103_Contig-16_Length-135691	100.000	1278	0	0	1	1278	99582	98305	0.0	2361
AL513382.1:4522618-4523895	311189_303186_Contig-16_Length-133958	100.000	1278	0	0	1	1278	99548	98271	0.0	2361
AL513382.1:4522618-4523895	343076_201101_Contig-22_Length-86382	100.000	1278	0	0	1	1278	50273	48996	0.0	2361
AL513382.1:4522618-4523895	343076_201196_Contig-31_Length-54476	100.000	1278	0	0	1	1278	18367	17090	0.0	2361
AL513382.1:4522618-4523895	343076_202113_Contig-17_Length-135505	100.000	1278	0	0	1	1278	99396	98119	0.0	2361
AL513382.1:4522618-4523895	343076_202184_Contig-32_Length-54424	100.000	1278	0	0	1	1278	18302	17025	0.0	2361
AL513382.1:4522618-4523895	343076_203125_Contig-16_Length-135484	100.000	1278	0	0	1	1278	99362	98085	0.0	2361
AL513382.1:4522618-4523895	343076_203172_Contig-21_Length-86475	100.000	1278	0	0	1	1278	50366	49089	0.0	2361
AL513382.1:4522618-4523895	343076_204137_Contig-28_Length-54476	100.000	1278	0	0	1	1278	18367	17090	0.0	2361
AL513382.1:4522618-4523895	343076_204160_Contig-21_Length-86382	100.000	1278	0	0	1	1278	50273	48996	0.0	2361
AL513382.1:4522618-4523895	343076_205148_Contig-22_Length-86475	100.000	1278	0	0	1	1278	50366	49089	0.0	2361
AL513382.1:4522618-4523895	343076_205149_Contig-23_Length-86488	100.000	1278	0	0	1	1278	36123	37400	0.0	2361
AL513382.1:4522618-4523895	343076_206136_Contig-21_Length-86488	100.000	1278	0	0	1	1278	36123	37400	0.0	2361
AL513382.1:4522618-4523895	343076_206161_Contig-16_Length-135505	100.000	1278	0	0	1	1278	99396	98119	0.0	2361
AL513382.1:4522618-4523895	343076_207124_Contig-29_Length-54476	100.000	1278	0	0	1	1278	36110	37387	0.0	2361
AL513382.1:4522618-4523895	343076_207173_Contig-21_Length-86475	100.000	1278	0	0	1	1278	50366	49089	0.0	2361
AL513382.1:4522618-4523895	343076_208112_Contig-32_Length-54489	100.000	1278	0	0	1	1278	18367	17090	0.0	2361
AL513382.1:4522618-4523895	343076_209102_Contig-21_Length-86475	100.000	1278	0	0	1	1278	36110	37387	0.0	2361
AL513382.1:4522618-4523895	343076_209195_Contig-22_Length-86382	100.000	1278	0	0	1	1278	50273	48996	0.0	2361
AL513382.1:4522618-4523895	343076_210114_Contig-22_Length-86475	100.000	1278	0	0	1	1278	50366	49089	0.0	2361
AL513382.1:4522618-4523895	343076_210183_Contig-30_Length-54489	100.000	1278	0	0	1	1278	18367	17090	0.0	2361
AL513382.1:4522618-4523895	343076_211126_Contig-32_Length-54476	100.000	1278	0	0	1	1278	18367	17090	0.0	2361
AL513382.1:4522618-4523895	343076_211171_Contig-17_Length-135412	100.000	1278	0	0	1	1278	99303	98026	0.0	2361
AL513382.1:4522618-4523895	343076_212138_Contig-17_Length-135468	100.000	1278	0	0	1	1278	99359	98082	0.0	2361
AL513382.1:4522618-4523895	343076_212159_Contig-17_Length-135505	100.000	1278	0	0	1	1278	99396	98119	0.0	2361
AL513382.1:4522618-4523895	343076_213147_Contig-22_Length-86475	100.000	1278	0	0	1	1278	36110	37387	0.0	2361
AL513382.1:4522618-4523895	343076_213150_Contig-21_Length-86581	100.000	1278	0	0	1	1278	50459	49182	0.0	2361
AL513382.1:4522618-4523895	343076_214135_Contig-30_Length-54476	100.000	1278	0	0	1	1278	18367	17090	0.0	2361
AL513382.1:4522618-4523895	343076_214162_Contig-16_Length-135519	100.000	1278	0	0	1	1278	99397	98120	0.0	2361
AL513382.1:4522618-4523895	343076_215123_Contig-17_Length-135505	100.000	1278	0	0	1	1278	99396	98119	0.0	2361
AL513382.1:4522618-4523895	343076_215174_Contig-30_Length-54489	100.000	1278	0	0	1	1278	18367	17090	0.0	2361
AL513382.1:4522618-4523895	343076_216111_Contig-23_Length-86568	100.000	1278	0	0	1	1278	36110	37387	0.0	2361
AL513382.1:4522618-4523895	343076_217103_Contig-20_Length-86395	100.000	1278	0	0	1	1278	50273	48996	0.0	2361
AL513382.1:4522618-4523895	343076_217194_Contig-32_Length-54411	100.000	1278	0	0	1	1278	18302	17025	0.0	2361
AL513382.1:4522618-4523895	343076_218115_Contig-29_Length-54476	100.000	1278	0	0	1	1278	18367	17090	0.0	2361
AL513382.1:4522618-4523895	343076_218182_Contig-16_Length-135598	100.000	1278	0	0	1	1278	99489	98212	0.0	2361
AL513382.1:4522618-4523895	343076_219127_Contig-30_Length-54476	100.000	1278	0	0	1	1278	18367	17090	0.0	2361
AL513382.1:4522618-4523895	343076_219170_Contig-22_Length-86475	100.000	1278	0	0	1	1278	50366	49089	0.0	2361
AL513382.1:4522618-4523895	343076_220139_Contig-17_Length-135519	100.000	1278	0	0	1	1278	99397	98120	0.0	2361
AL513382.1:4522618-4523895	343076_220158_Contig-23_Length-86289	100.000	1278	0	0	1	1278	50180	48903	0.0	2361
AL513382.1:4522618-4523895	343076_221146_Contig-28_Length-54476	100.000	1278	0	0	1	1278	18367	17090	0.0	2361
AL513382.1:4522618-4523895	343076_221151_Contig-30_Length-54476	100.000	1278	0	0	1	1278	18367	17090	0.0	2361
AL513382.1:4522618-4523895	343076_222134_Contig-23_Length-86475	100.000	1278	0	0	1	1278	50366	49089	0.0	2361
AL513382.1:4522618-4523895	343076_222163_Contig-21_Length-86661	100.000	1278	0	0	1	1278	36110	37387	0.0	2361
AL513382.1:4522618-4523895	343076_223122_Contig-16_Length-135505	100.000	1278	0	0	1	1278	99396	98119	0.0	2361
AL513382.1:4522618-4523895	343076_223175_Contig-31_Length-54476	100.000	1278	0	0	1	1278	36110	37387	0.0	2361
AL513382.1:4522618-4523895	343076_224110_Contig-19_Length-86488	100.000	1278	0	0	1	1278	50366	49089	0.0	2361
AL513382.1:4522618-4523895	343076_224187_Contig-16_Length-135505	100.000	1278	0	0	1	1278	99396	98119	0.0	2361
AL513382.1:4522618-4523895	343076_225104_Contig-17_Length-135512	100.000	1278	0	0	1	1278	99390	98113	0.0	2361
AL513382.1:4522618-4523895	343076_225193_Contig-16_Length-135469	100.000	1278	0	0	1	1278	99360	98083	0.0	2361
AL513382.1:4522618-4523895	343076_226116_Contig-21_Length-86488	100.000	1278	0	0	1	1278	50366	49089	0.0	2361
AL513382.1:4522618-4523895	343076_226181_Contig-16_Length-135518	100.000	1278	0	0	1	1278	99396	98119	0.0	2361
AL513382.1:4522618-4523895	343076_227128_Contig-30_Length-54476	100.000	1278	0	0	1	1278	18367	17090	0.0	2361
AL513382.1:4522618-4523895	343076_228140_Contig-17_Length-135484	100.000	1278	0	0	1	1278	99362	98085	0.0	2361
AL513382.1:4522618-4523895	343076_228157_Contig-31_Length-54476	100.000	1278	0	0	1	1278	18367	17090	0.0	2361
AL513382.1:4522618-4523895	343076_229145_Contig-16_Length-135505	100.000	1278	0	0	1	1278	99396	98119	0.0	2361
AL513382.1:4522618-4523895	343076_229152_Contig-28_Length-54489	100.000	1278	0	0	1	1278	18367	17090	0.0	2361
AL513382.1:4522618-4523895	343076_230133_Contig-23_Length-86382	100.000	1278	0	0	1	1278	50273	48996	0.0	2361
AL513382.1:4522618-4523895	343076_230164_Contig-32_Length-54476	100.000	1278	0	0	1	1278	18367	17090	0.0	2361
AL513382.1:4522618-4523895	343076_231121_Contig-16_Length-135484	100.000	1278	0	0	1	1278	99362	98085	0.0	2361
AL513382.1:4522618-4523895	343076_231176_Contig-29_Length-54476	100.000	1278	0	0	1	1278	18367	17090	0.0	2361
AL513382.1:4522618-4523895	343076_232109_Contig-16_Length-135505	100.000	1278	0	0	1	1278	99396	98119	0.0	2361
AL513382.1:4522618-4523895	343076_232188_Contig-16_Length-135691	100.000	1278	0	0	1	1278	99582	98305	0.0	2361
AL513382.1:4522618-4523895	343076_233105_Contig-30_Length-54476	100.000	1278	0	0	1	1278	18367	17090	0.0	2361
AL513382.1:4522618-4523895	343076_233192_Contig-21_Length-86475	100.000	1278	0	0	1	1278	50366	49089	0.0	2361
AL513382.1:4522618-4523895	343076_234117_Contig-30_Length-54476	100.000	1278	0	0	1	1278	36110	37387	0.0	2361
AL513382.1:4522618-4523895	343076_234180_Contig-21_Length-86488	100.000	1278	0	0	1	1278	50366	49089	0.0	2361
AL513382.1:4522618-4523895	343076_235168_Contig-15_Length-135519	100.000	1278	0	0	1	1278	99397	98120	0.0	2361
AL513382.1:4522618-4523895	343076_236141_Contig-17_Length-135691	100.000	1278	0	0	1	1278	99582	98305	0.0	2361
AL513382.1:4522618-4523895	343076_236156_Contig-16_Length-135484	100.000	1278	0	0	1	1278	99362	98085	0.0	2361
AL513382.1:4522618-4523895	343076_237144_Contig-16_Length-135519	100.000	1278	0	0	1	1278	99397	98120	0.0	2361
AL513382.1:4522618-4523895	343076_237153_Contig-17_Length-135505	100.000	1278	0	0	1	1278	99396	98119	0.0	2361
AL513382.1:4522618-4523895	343076_238132_Contig-27_Length-57570	100.000	1278	0	0	1	1278	50366	49089	0.0	2361
AL513382.1:4522618-4523895	343076_238165_Contig-16_Length-135508	100.000	1278	0	0	1	1278	99396	98119	0.0	2361
AL513382.1:4522618-4523895	343076_239120_Contig-22_Length-86382	100.000	1278	0	0	1	1278	50273	48996	0.0	2361
AL513382.1:4522618-4523895	343076_239177_Contig-30_Length-54476	100.000	1278	0	0	1	1278	18367	17090	0.0	2361
AL513382.1:4522618-4523895	343076_240108_Contig-17_Length-135519	100.000	1278	0	0	1	1278	99397	98120	0.0	2361
AL513382.1:4522618-4523895	343076_240189_Contig-17_Length-135577	100.000	1278	0	0	1	1278	99455	98178	0.0	2361
AL513382.1:4522618-4523895	343076_241106_Contig-20_Length-86581	100.000	1278	0	0	1	1278	36123	37400	0.0	2361
AL513382.1:4522618-4523895	343076_241191_Contig-23_Length-86475	100.000	1278	0	0	1	1278	50366	49089	0.0	2361
AL513382.1:4522618-4523895	343076_242118_Contig-23_Length-86475	100.000	1278	0	0	1	1278	50366	49089	0.0	2361
AL513382.1:4522618-4523895	343076_242179_Contig-15_Length-135519	100.000	1278	0	0	1	1278	99397	98120	0.0	2361
AL513382.1:4522618-4523895	343076_243130_Contig-17_Length-135505	100.000	1278	0	0	1	1278	99396	98119	0.0	2361
AL513382.1:4522618-4523895	343076_243167_Contig-16_Length-135499	100.000	1278	0	0	1	1278	99390	98113	0.0	2361
AL513382.1:4522618-4523895	343076_244142_Contig-31_Length-54476	100.000	1278	0	0	1	1278	18367	17090	0.0	2361
AL513382.1:4522618-4523895	343076_244155_Contig-15_Length-135519	100.000	1278	0	0	1	1278	99397	98120	0.0	2361
AL513382.1:4522618-4523895	343076_245154_Contig-22_Length-86475	100.000	1278	0	0	1	1278	50366	49089	0.0	2361
AL513382.1:4522618-4523895	343076_246166_Contig-23_Length-86568	100.000	1278	0	0	1	1278	50459	49182	0.0	2361
AL513382.1:4522618-4523895	343076_247178_Contig-17_Length-135505	100.000	1278	0	0	1	1278	99396	98119	0.0	2361
AL513382.1:4522618-4523895	343076_248190_Contig-17_Length-135333	100.000	1278	0	0	1	1278	99211	97934	0.0	2361
AL513382.1:4522618-4523895	343076_249107_Contig-30_Length-54476	100.000	1278	0	0	1	1278	36110	37387	0.0	2361
AL513382.1:4522618-4523895	343076_250119_Contig-21_Length-86475	100.000	1278	0	0	1	1278	50366	49089	0.0	2361
AL513382.1:4522618-4523895	343076_251131_Contig-17_Length-135512	99.455	1285	0	1	1	1278	99403	98119	0.0	2327
AL513382.1:4522618-4523895	343076_252143_Contig-32_Length-54476	100.000	1278	0	0	1	1278	18367	17090	0.0	2361
AL513382.1:4522618-4523895	343076_253155_Contig-31_Length-54489	100.000	1278	0	0	1	1278	18367	17090	0.0	2361
AL513382.1:4522618-4523895	343076_254167_Contig-22_Length-86488	100.000	1278	0	0	1	1278	50366	49089	0.0	2361
AL513382.1:4522618-4523895	343076_255179_Contig-17_Length-135505	100.000	1278	0	0	1	1278	99396	98119	0.0	2361
AL513382.1:4522618-4523895	343076_256191_Contig-17_Length-135484	100.000	1278	0	0	1	1278	99362	98085	0.0	2361
AL513382.1:4522618-4523895	343076_257108_Contig-32_Length-54476	100.000	1278	0	0	1	1278	18367	17090	0.0	2361
AL513382.1:4522618-4523895	343076_258120_Contig-31_Length-54476	100.000	1278	0	0	1	1278	18367	17090	0.0	2361
AL513382.1:4522618-4523895	343076_259132_Contig-17_Length-135627	100.000	1278	0	0	1	1278	99505	98228	0.0	2361
AL513382.1:4522618-4523895	343076_260144_Contig-30_Length-53407	100.000	1278	0	0	1	1278	17298	16021	0.0	2361
AL513382.1:4522618-4523895	343076_261156_Contig-20_Length-86568	100.000	1278	0	0	1	1278	50459	49182	0.0	2361
AL513382.1:4522618-4523895	343076_262168_Contig-17_Length-135319	100.000	1278	0	0	1	1278	99210	97933	0.0	2361
AL513382.1:4522618-4523895	343076_263180_Contig-22_Length-86488	100.000	1278	0	0	1	1278	50366	49089	0.0	2361
AL513382.1:4522618-4523895	343076_264192_Contig-29_Length-54424	100.000	1278	0	0	1	1278	18302	17025	0.0	2361
AL513382.1:4522618-4523895	343076_265109_Contig-16_Length-135519	100.000	1278	0	0	1	1278	99397	98120	0.0	2361
AL513382.1:4522618-4523895	343076_266121_Contig-32_Length-54489	100.000	1278	0	0	1	1278	36123	37400	0.0	2361
AL513382.1:4522618-4523895	343076_267133_Contig-32_Length-54476	100.000	1278	0	0	1	1278	36110	37387	0.0	2361
AL513382.1:4522618-4523895	343076_268145_Contig-16_Length-135519	100.000	1278	0	0	1	1278	99397	98120	0.0	2361
AL513382.1:4522618-4523895	343076_269157_Contig-29_Length-54489	100.000	1278	0	0	1	1278	18367	17090	0.0	2361
AL513382.1:4522618-4523895	343076_270169_Contig-33_Length-54489	100.000	1278	0	0	1	1278	18367	17090	0.0	2361
AL513382.1:4522618-4523895	343076_271181_Contig-33_Length-54476	100.000	1278	0	0	1	1278	18367	17090	0.0	2361
AL513382.1:4522618-4523895	343076_272193_Contig-22_Length-86475	100.000	1278	0	0	1	1278	50366	49089	0.0	2361
AL513382.1:4522618-4523895	343076_273110_Contig-22_Length-86488	100.000	1278	0	0	1	1278	36123	37400	0.0	2361
AL513382.1:4522618-4523895	343076_274122_Contig-22_Length-86475	100.000	1278	0	0	1	1278	50366	49089	0.0	2361
AL513382.1:4522618-4523895	343076_275134_Contig-35_Length-54476	100.000	1278	0	0	1	1278	18367	17090	0.0	2361
AL513382.1:4522618-4523895	343076_276146_Contig-30_Length-54476	100.000	1278	0	0	1	1278	18367	17090	0.0	2361
AL513382.1:4522618-4523895	343076_277158_Contig-31_Length-54476	100.000	1278	0	0	1	1278	18367	17090	0.0	2361
AL513382.1:4522618-4523895	343076_278170_Contig-17_Length-135505	100.000	1278	0	0	1	1278	99396	98119	0.0	2361
AL513382.1:4522618-4523895	343076_279182_Contig-17_Length-135505	100.000	1278	0	0	1	1278	99396	98119	0.0	2361
AL513382.1:4522618-4523895	343076_280194_Contig-32_Length-54476	100.000	1278	0	0	1	1278	18367	17090	0.0	2361
AL513382.1:4522618-4523895	343076_282123_Contig-16_Length-135505	100.000	1278	0	0	1	1278	99396	98119	0.0	2361
AL513382.1:4522618-4523895	343076_283135_Contig-22_Length-86568	100.000	1278	0	0	1	1278	36110	37387	0.0	2361
AL513382.1:4522618-4523895	343076_284147_Contig-22_Length-86475	99.922	1278	1	0	1	1278	50366	49089	0.0	2357
AL513382.1:4522618-4523895	343076_285159_Contig-16_Length-135426	100.000	1278	0	0	1	1278	36123	37400	0.0	2361
AL513382.1:4522618-4523895	343076_286171_Contig-22_Length-86382	100.000	1278	0	0	1	1278	50273	48996	0.0	2361
AL513382.1:4522618-4523895	343076_287183_Contig-23_Length-86382	100.000	1278	0	0	1	1278	50273	48996	0.0	2361
AL513382.1:4522618-4523895	343076_288195_Contig-21_Length-86382	100.000	1278	0	0	1	1278	50273	48996	0.0	2361
AL513382.1:4522618-4523895	343076_289112_Contig-32_Length-54476	100.000	1278	0	0	1	1278	36110	37387	0.0	2361
AL513382.1:4522618-4523895	343076_290124_Contig-16_Length-135484	100.000	1278	0	0	1	1278	99362	98085	0.0	2361
AL513382.1:4522618-4523895	343076_291136_Contig-31_Length-54476	100.000	1278	0	0	1	1278	18367	17090	0.0	2361
AL513382.1:4522618-4523895	343076_292148_Contig-20_Length-86475	100.000	1278	0	0	1	1278	50366	49089	0.0	2361
AL513382.1:4522618-4523895	343076_293160_Contig-29_Length-54476	100.000	1278	0	0	1	1278	18367	17090	0.0	2361
AL513382.1:4522618-4523895	343076_294172_Contig-23_Length-86382	100.000	1278	0	0	1	1278	50273	48996	0.0	2361
AL513382.1:4522618-4523895	343076_295184_Contig-22_Length-86382	100.000	1278	0	0	1	1278	50273	48996	0.0	2361
AL513382.1:4522618-4523895	343076_296196_Contig-17_Length-135484	100.000	1278	0	0	1	1278	99362	98085	0.0	2361
AL513382.1:4522618-4523895	343077_201101_Contig-31_Length-54411	100.000	1278	0	0	1	1278	18302	17025	0.0	2361
AL513382.1:4522618-4523895	343077_201196_Contig-21_Length-86475	100.000	1278	0	0	1	1278	50366	49089	0.0	2361
AL513382.1:4522618-4523895	343077_202113_Contig-16_Length-135319	100.000	1278	0	0	1	1278	99210	97933	0.0	2361
AL513382.1:4522618-4523895	343077_202184_Contig-31_Length-54476	100.000	1278	0	0	1	1278	18367	17090	0.0	2361
AL513382.1:4522618-4523895	343077_203125_Contig-17_Length-135699	100.000	1278	0	0	1	1278	99577	98300	0.0	2361
AL513382.1:4522618-4523895	343077_203172_Contig-17_Length-135505	100.000	1278	0	0	1	1278	99396	98119	0.0	2361
AL513382.1:4522618-4523895	343077_204137_Contig-22_Length-86356	100.000	1278	0	0	1	1278	50273	48996	0.0	2361
AL513382.1:4522618-4523895	343077_204160_Contig-21_Length-86488	100.000	1278	0	0	1	1278	50366	49089	0.0	2361
AL513382.1:4522618-4523895	343077_205148_Contig-29_Length-54476	100.000	1278	0	0	1	1278	18367	17090	0.0	2361
AL513382.1:4522618-4523895	343077_205149_Contig-21_Length-86488	100.000	1278	0	0	1	1278	36123	37400	0.0	2361
AL513382.1:4522618-4523895	343077_206136_Contig-32_Length-54489	100.000	1278	0	0	1	1278	18367	17090	0.0	2361
AL513382.1:4522618-4523895	343077_206161_Contig-30_Length-54507	100.000	1278	0	0	1	1278	18385	17108	0.0	2361
AL513382.1:4522618-4523895	343077_207124_Contig-30_Length-53142	100.000	1278	0	0	1	1278	18367	17090	0.0	2361
AL513382.1:4522618-4523895	343077_207173_Contig-30_Length-54494	100.000	1278	0	0	1	1278	36110	37387	0.0	2361
AL513382.1:4522618-4523895	343077_208112_Contig-21_Length-86475	100.000	1278	0	0	1	1278	50366	49089	0.0	2361
AL513382.1:4522618-4523895	343077_208185_Contig-19_Length-86488	100.000	1278	0	0	1	1278	50366	49089	0.0	2361
AL513382.1:4522618-4523895	343077_209102_Contig-29_Length-54476	100.000	1278	0	0	1	1278	18367	17090	0.0	2361
AL513382.1:4522618-4523895	343077_209195_Contig-31_Length-54476	100.000	1278	0	0	1	1278	18367	17090	0.0	2361
AL513382.1:4522618-4523895	343077_210114_Contig-21_Length-86488	100.000	1278	0	0	1	1278	50366	49089	0.0	2361
AL513382.1:4522618-4523895	343077_210183_Contig-30_Length-54476	100.000	1278	0	0	1	1278	18367	17090	0.0	2361
AL513382.1:4522618-4523895	343077_211126_Contig-21_Length-86488	100.000	1278	0	0	1	1278	50366	49089	0.0	2361
AL513382.1:4522618-4523895	343077_211171_Contig-17_Length-135505	100.000	1278	0	0	1	1278	99396	98119	0.0	2361
AL513382.1:4522618-4523895	343077_212138_Contig-29_Length-54424	100.000	1278	0	0	1	1278	18302	17025	0.0	2361
AL513382.1:4522618-4523895	343077_212159_Contig-21_Length-86488	100.000	1278	0	0	1	1278	50366	49089	0.0	2361
AL513382.1:4522618-4523895	343077_213147_Contig-17_Length-135391	100.000	1278	0	0	1	1278	99269	97992	0.0	2361
AL513382.1:4522618-4523895	343077_213150_Contig-17_Length-135505	100.000	1278	0	0	1	1278	99396	98119	0.0	2361
AL513382.1:4522618-4523895	343077_214135_Contig-21_Length-86475	100.000	1278	0	0	1	1278	50366	49089	0.0	2361
AL513382.1:4522618-4523895	343077_214162_Contig-17_Length-135469	100.000	1278	0	0	1	1278	99360	98083	0.0	2361
AL513382.1:4522618-4523895	343077_215123_Contig-22_Length-86475	100.000	1278	0	0	1	1278	50366	49089	0.0	2361
AL513382.1:4522618-4523895	343077_215174_Contig-16_Length-135505	100.000	1278	0	0	1	1278	99396	98119	0.0	2361
AL513382.1:4522618-4523895	343077_216111_Contig-17_Length-135505	100.000	1278	0	0	1	1278	99396	98119	0.0	2361
AL513382.1:4522618-4523895	343077_216186_Contig-31_Length-54411	100.000	1278	0	0	1	1278	18302	17025	0.0	2361
AL513382.1:4522618-4523895	343077_217103_Contig-17_Length-135412	100.000	1278	0	0	1	1278	99303	98026	0.0	2361
AL513382.1:4522618-4523895	343077_217194_Contig-22_Length-86475	100.000	1278	0	0	1	1278	50366	49089	0.0	2361
AL513382.1:4522618-4523895	343077_218115_Contig-22_Length-86475	100.000	1278	0	0	1	1278	50366	49089	0.0	2361
AL513382.1:4522618-4523895	343077_218182_Contig-28_Length-54411	100.000	1278	0	0	1	1278	18302	17025	0.0	2361
AL513382.1:4522618-4523895	343077_219127_Contig-21_Length-86488	100.000	1278	0	0	1	1278	50366	49089	0.0	2361
AL513382.1:4522618-4523895	343077_219170_Contig-33_Length-54489	100.000	1278	0	0	1	1278	18367	17090	0.0	2361
AL513382.1:4522618-4523895	343077_220139_Contig-33_Length-54489	100.000	1278	0	0	1	1278	36123	37400	0.0	2361
AL513382.1:4522618-4523895	343077_220158_Contig-30_Length-54476	100.000	1278	0	0	1	1278	18367	17090	0.0	2361
AL513382.1:4522618-4523895	343077_221146_Contig-19_Length-87720	100.000	1278	0	0	1	1278	50366	49089	0.0	2361
AL513382.1:4522618-4523895	343077_221151_Contig-21_Length-86488	100.000	1278	0	0	1	1278	50366	49089	0.0	2361
AL513382.1:4522618-4523895	343077_222134_Contig-22_Length-86475	100.000	1278	0	0	1	1278	50366	49089	0.0	2361
AL513382.1:4522618-4523895	343077_222163_Contig-32_Length-54476	100.000	1278	0	0	1	1278	18367	17090	0.0	2361
AL513382.1:4522618-4523895	343077_223122_Contig-28_Length-54489	100.000	1278	0	0	1	1278	18367	17090	0.0	2361
AL513382.1:4522618-4523895	343077_223175_Contig-17_Length-135390	99.922	1278	1	0	1	1278	99268	97991	0.0	2355
AL513382.1:4522618-4523895	343077_224110_Contig-22_Length-86475	100.000	1278	0	0	1	1278	50366	49089	0.0	2361
AL513382.1:4522618-4523895	343077_224187_Contig-18_Length-86488	100.000	1278	0	0	1	1278	50366	49089	0.0	2361
AL513382.1:4522618-4523895	343077_225104_Contig-16_Length-133259	100.000	1278	0	0	1	1278	99303	98026	0.0	2361
AL513382.1:4522618-4523895	343077_225193_Contig-30_Length-54476	100.000	1278	0	0	1	1278	18367	17090	0.0	2361
AL513382.1:4522618-4523895	343077_226116_Contig-30_Length-54489	100.000	1278	0	0	1	1278	18367	17090	0.0	2361
AL513382.1:4522618-4523895	343077_226181_Contig-22_Length-86475	100.000	1278	0	0	1	1278	50366	49089	0.0	2361
AL513382.1:4522618-4523895	343077_227128_Contig-21_Length-86488	99.922	1278	1	0	1	1278	36123	37400	0.0	2355
AL513382.1:4522618-4523895	343077_227169_Contig-30_Length-54476	100.000	1278	0	0	1	1278	18367	17090	0.0	2361
AL513382.1:4522618-4523895	343077_228140_Contig-17_Length-135484	100.000	1278	0	0	1	1278	99362	98085	0.0	2361
AL513382.1:4522618-4523895	343077_228157_Contig-17_Length-135499	100.000	1278	0	0	1	1278	99390	98113	0.0	2361
AL513382.1:4522618-4523895	343077_229145_Contig-17_Length-135519	100.000	1278	0	0	1	1278	99397	98120	0.0	2361
AL513382.1:4522618-4523895	343077_230133_Contig-22_Length-86475	100.000	1278	0	0	1	1278	50366	49089	0.0	2361
AL513382.1:4522618-4523895	343077_231121_Contig-16_Length-135426	100.000	1278	0	0	1	1278	99304	98027	0.0	2361
AL513382.1:4522618-4523895	343077_231176_Contig-31_Length-54476	100.000	1278	0	0	1	1278	18367	17090	0.0	2361
AL513382.1:4522618-4523895	343077_232109_Contig-30_Length-54476	100.000	1278	0	0	1	1278	18367	17090	0.0	2361
AL513382.1:4522618-4523895	343077_233105_Contig-31_Length-44320	100.000	1278	0	0	1	1278	17298	16021	0.0	2361
AL513382.1:4522618-4523895	343077_234180_Contig-22_Length-86475	100.000	1278	0	0	1	1278	50366	49089	0.0	2361
AL513382.1:4522618-4523895	343077_235129_Contig-33_Length-49156	100.000	1278	0	0	1	1278	17204	15927	0.0	2361
AL513382.1:4522618-4523895	343077_235168_Contig-23_Length-86488	100.000	1278	0	0	1	1278	50366	49089	0.0	2361
AL513382.1:4522618-4523895	343077_236156_Contig-22_Length-86475	100.000	1278	0	0	1	1278	50366	49089	0.0	2361
AL513382.1:4522618-4523895	343077_237144_Contig-29_Length-54489	100.000	1278	0	0	1	1278	18367	17090	0.0	2361
AL513382.1:4522618-4523895	343077_238132_Contig-21_Length-86488	100.000	1278	0	0	1	1278	50366	49089	0.0	2361
AL513382.1:4522618-4523895	343077_239120_Contig-17_Length-135505	100.000	1278	0	0	1	1278	99396	98119	0.0	2361
AL513382.1:4522618-4523895	343077_240108_Contig-17_Length-135613	100.000	1278	0	0	1	1278	99504	98227	0.0	2361
AL513382.1:4522618-4523895	343077_241191_Contig-30_Length-54476	100.000	1278	0	0	1	1278	18367	17090	0.0	2361
AL513382.1:4522618-4523895	343077_242179_Contig-16_Length-134079	100.000	1278	0	0	1	1278	99304	98027	0.0	2361
AL513382.1:4522618-4523895	343077_243167_Contig-19_Length-86488	100.000	1278	0	0	1	1278	36123	37400	0.0	2361
AL513382.1:4522618-4523895	343077_244155_Contig-17_Length-135470	100.000	1278	0	0	1	1278	99361	98084	0.0	2361
AL513382.1:4522618-4523895	343077_245143_Contig-17_Length-135505	100.000	1278	0	0	1	1278	99396	98119	0.0	2361
AL513382.1:4522618-4523895	343077_246131_Contig-17_Length-135711	100.000	1278	0	0	1	1278	99589	98312	0.0	2361
AL513382.1:4522618-4523895	343077_247119_Contig-17_Length-135504	100.000	1278	0	0	1	1278	99395	98118	0.0	2361
AL513382.1:4522618-4523895	343077_248107_Contig-17_Length-135484	100.000	1278	0	0	1	1278	99362	98085	0.0	2361
AL513382.1:4522618-4523895	343077_249190_Contig-29_Length-54476	100.000	1278	0	0	1	1278	18367	17090	0.0	2361
AL513382.1:4522618-4523895	343077_250178_Contig-16_Length-135484	100.000	1278	0	0	1	1278	99362	98085	0.0	2361
AL513382.1:4522618-4523895	343077_251166_Contig-17_Length-135505	100.000	1278	0	0	1	1278	99396	98119	0.0	2361
AL513382.1:4522618-4523895	343077_252154_Contig-16_Length-135519	100.000	1278	0	0	1	1278	99397	98120	0.0	2361
AL513382.1:4522618-4523895	343077_253142_Contig-19_Length-86488	100.000	1278	0	0	1	1278	50366	49089	0.0	2361
AL513382.1:4522618-4523895	343077_254130_Contig-32_Length-54489	100.000	1278	0	0	1	1278	18367	17090	0.0	2361
AL513382.1:4522618-4523895	343077_255118_Contig-17_Length-135484	100.000	1278	0	0	1	1278	99362	98085	0.0	2361
AL513382.1:4522618-4523895	343077_256106_Contig-17_Length-135519	100.000	1278	0	0	1	1278	99397	98120	0.0	2361
AL513382.1:4522618-4523895	343077_257189_Contig-34_Length-54569	100.000	1278	0	0	1	1278	36110	37387	0.0	2361
AL513382.1:4522618-4523895	343077_258177_Contig-21_Length-86488	100.000	1278	0	0	1	1278	50366	49089	0.0	2361
AL513382.1:4522618-4523895	343077_259165_Contig-30_Length-54489	100.000	1278	0	0	1	1278	36123	37400	0.0	2361
AL513382.1:4522618-4523895	343077_260153_Contig-17_Length-135505	100.000	1278	0	0	1	1278	99396	98119	0.0	2361
AL513382.1:4522618-4523895	343077_261141_Contig-17_Length-135519	100.000	1278	0	0	1	1278	99397	98120	0.0	2361
AL513382.1:4522618-4523895	343077_262129_Contig-32_Length-54489	100.000	1278	0	0	1	1278	18367	17090	0.0	2361
AL513382.1:4522618-4523895	343077_263117_Contig-21_Length-86488	100.000	1278	0	0	1	1278	50366	49089	0.0	2361
AL513382.1:4522618-4523895	343077_264105_Contig-21_Length-86475	100.000	1278	0	0	1	1278	50366	49089	0.0	2361
AL513382.1:4522618-4523895	343077_265188_Contig-17_Length-135505	100.000	1278	0	0	1	1278	99396	98119	0.0	2361
AL513382.1:4522618-4523895	343077_266176_Contig-19_Length-86488	100.000	1278	0	0	1	1278	50366	49089	0.0	2361
AL513382.1:4522618-4523895	343077_267164_Contig-17_Length-135519	100.000	1278	0	0	1	1278	99397	98120	0.0	2361
AL513382.1:4522618-4523895	343077_268152_Contig-17_Length-135505	100.000	1278	0	0	1	1278	99396	98119	0.0	2361
AL513382.1:4522618-4523895	343077_269140_Contig-17_Length-135412	100.000	1278	0	0	1	1278	99303	98026	0.0	2361
AL513382.1:4522618-4523895	343077_270128_Contig-17_Length-135505	100.000	1278	0	0	1	1278	99396	98119	0.0	2361
AL513382.1:4522618-4523895	343077_271116_Contig-30_Length-54476	100.000	1278	0	0	1	1278	18367	17090	0.0	2361
AL513382.1:4522618-4523895	343077_272104_Contig-16_Length-135598	100.000	1278	0	0	1	1278	99489	98212	0.0	2361
AL513382.1:4522618-4523895	343077_273187_Contig-17_Length-135505	100.000	1278	0	0	1	1278	99396	98119	0.0	2361
AL513382.1:4522618-4523895	343077_274175_Contig-16_Length-135519	100.000	1278	0	0	1	1278	99397	98120	0.0	2361
AL513382.1:4522618-4523895	343077_275163_Contig-34_Length-54476	100.000	1278	0	0	1	1278	18367	17090	0.0	2361
AL513382.1:4522618-4523895	343077_276151_Contig-31_Length-54476	100.000	1278	0	0	1	1278	18367	17090	0.0	2361
AL513382.1:4522618-4523895	343077_277139_Contig-21_Length-86488	100.000	1278	0	0	1	1278	50366	49089	0.0	2361
AL513382.1:4522618-4523895	343077_278127_Contig-17_Length-135505	100.000	1278	0	0	1	1278	99396	98119	0.0	2361
AL513382.1:4522618-4523895	343077_279115_Contig-17_Length-135505	100.000	1278	0	0	1	1278	99396	98119	0.0	2361
AL513382.1:4522618-4523895	343077_280103_Contig-29_Length-54476	100.000	1278	0	0	1	1278	18367	17090	0.0	2361
AL513382.1:4522618-4523895	343077_281186_Contig-21_Length-86488	100.000	1278	0	0	1	1278	50366	49089	0.0	2361
AL513382.1:4522618-4523895	343077_282174_Contig-30_Length-54476	100.000	1278	0	0	1	1278	36110	37387	0.0	2361
AL513382.1:4522618-4523895	343077_283162_Contig-22_Length-86475	100.000	1278	0	0	1	1278	50366	49089	0.0	2361
AL513382.1:4522618-4523895	343077_284150_Contig-32_Length-54489	100.000	1278	0	0	1	1278	18367	17090	0.0	2361
AL513382.1:4522618-4523895	343077_285138_Contig-31_Length-54476	100.000	1278	0	0	1	1278	36110	37387	0.0	2361
AL513382.1:4522618-4523895	343077_286126_Contig-17_Length-135505	100.000	1278	0	0	1	1278	99396	98119	0.0	2361
AL513382.1:4522618-4523895	343077_287114_Contig-22_Length-86382	100.000	1278	0	0	1	1278	50273	48996	0.0	2361
AL513382.1:4522618-4523895	343077_288102_Contig-17_Length-135505	100.000	1278	0	0	1	1278	99396	98119	0.0	2361
AL513382.1:4522618-4523895	343077_289112_Contig-29_Length-54476	100.000	1278	0	0	1	1278	18367	17090	0.0	2361
AL513382.1:4522618-4523895	343077_289185_Contig-16_Length-135484	100.000	1278	0	0	1	1278	99362	98085	0.0	2361
AL513382.1:4522618-4523895	343077_290124_Contig-31_Length-54476	100.000	1278	0	0	1	1278	18367	17090	0.0	2361
AL513382.1:4522618-4523895	343077_290173_Contig-33_Length-54476	100.000	1278	0	0	1	1278	18367	17090	0.0	2361
AL513382.1:4522618-4523895	343077_291136_Contig-31_Length-54489	100.000	1278	0	0	1	1278	18367	17090	0.0	2361
AL513382.1:4522618-4523895	343077_291161_Contig-22_Length-86488	100.000	1278	0	0	1	1278	36123	37400	0.0	2361
AL513382.1:4522618-4523895	343077_292148_Contig-37_Length-37452	100.000	1266	0	0	1	1266	36110	37375	0.0	2338
AL513382.1:4522618-4523895	343077_292149_Contig-16_Length-135699	100.000	1278	0	0	1	1278	99577	98300	0.0	2361
AL513382.1:4522618-4523895	343077_293160_Contig-31_Length-54476	100.000	1278	0	0	1	1278	36110	37387	0.0	2361
AL513382.1:4522618-4523895	343077_294125_Contig-17_Length-135412	100.000	1278	0	0	1	1278	99303	98026	0.0	2361
AL513382.1:4522618-4523895	343077_294172_Contig-16_Length-135499	100.000	1278	0	0	1	1278	99390	98113	0.0	2361
AL513382.1:4522618-4523895	343077_295113_Contig-31_Length-54477	100.000	1278	0	0	1	1278	18368	17091	0.0	2361
AL513382.1:4522618-4523895	343077_295184_Contig-15_Length-135505	100.000	1278	0	0	1	1278	99396	98119	0.0	2361
AL513382.1:4522618-4523895	343077_296101_Contig-32_Length-54489	100.000	1278	0	0	1	1278	36123	37400	0.0	2361
AL513382.1:4522618-4523895	343077_296196_Contig-29_Length-54476	100.000	1278	0	0	1	1278	18367	17090	0.0	2361
AL513382.1:4522618-4523895	343078_201101_Contig-29_Length-54476	100.000	1278	0	0	1	1278	18367	17090	0.0	2361
AL513382.1:4522618-4523895	343078_202113_Contig-28_Length-54489	100.000	1278	0	0	1	1278	18367	17090	0.0	2361
AL513382.1:4522618-4523895	343078_203125_Contig-28_Length-54414	100.000	1278	0	0	1	1278	18302	17025	0.0	2361
AL513382.1:4522618-4523895	343078_204137_Contig-32_Length-54489	100.000	1278	0	0	1	1278	18367	17090	0.0	2361
AL513382.1:4522618-4523895	343078_205149_Contig-32_Length-54489	100.000	1278	0	0	1	1278	18367	17090	0.0	2361
AL513382.1:4522618-4523895	343078_206161_Contig-22_Length-86488	100.000	1278	0	0	1	1278	50366	49089	0.0	2361
AL513382.1:4522618-4523895	343078_207173_Contig-23_Length-86475	100.000	1278	0	0	1	1278	50366	49089	0.0	2361
AL513382.1:4522618-4523895	343078_208185_Contig-31_Length-54476	100.000	1278	0	0	1	1278	18367	17090	0.0	2361
AL513382.1:4522618-4523895	343078_209102_Contig-29_Length-54489	100.000	1278	0	0	1	1278	18367	17090	0.0	2361
AL513382.1:4522618-4523895	343078_212138_Contig-31_Length-54476	100.000	1278	0	0	1	1278	18367	17090	0.0	2361
AL513382.1:4522618-4523895	343078_213150_Contig-29_Length-54476	100.000	1278	0	0	1	1278	18367	17090	0.0	2361
AL513382.1:4522618-4523895	343078_214162_Contig-23_Length-86475	100.000	1278	0	0	1	1278	36110	37387	0.0	2361
AL513382.1:4522618-4523895	343078_215174_Contig-20_Length-86482	100.000	1278	0	0	1	1278	36117	37394	0.0	2361
AL513382.1:4522618-4523895	343078_216186_Contig-19_Length-86395	100.000	1278	0	0	1	1278	36123	37400	0.0	2361
AL513382.1:4522618-4523895	343078_217103_Contig-31_Length-54476	100.000	1278	0	0	1	1278	18367	17090	0.0	2361
AL513382.1:4522618-4523895	343078_218115_Contig-17_Length-135505	100.000	1278	0	0	1	1278	99396	98119	0.0	2361
AL513382.1:4522618-4523895	343078_219127_Contig-16_Length-135519	100.000	1278	0	0	1	1278	99397	98120	0.0	2361
AL513382.1:4522618-4523895	343078_220139_Contig-32_Length-54476	100.000	1278	0	0	1	1278	18367	17090	0.0	2361
AL513382.1:4522618-4523895	343078_221151_Contig-17_Length-135505	100.000	1278	0	0	1	1278	99396	98119	0.0	2361
AL513382.1:4522618-4523895	343078_222163_Contig-31_Length-54476	100.000	1278	0	0	1	1278	18367	17090	0.0	2361
AL513382.1:4522618-4523895	343078_223175_Contig-28_Length-54411	100.000	1278	0	0	1	1278	18302	17025	0.0	2361
AL513382.1:4522618-4523895	343078_225104_Contig-30_Length-54476	100.000	1278	0	0	1	1278	36110	37387	0.0	2361
AL513382.1:4522618-4523895	343078_226116_Contig-21_Length-86488	100.000	1278	0	0	1	1278	50366	49089	0.0	2361
AL513382.1:4522618-4523895	343078_227128_Contig-29_Length-54489	100.000	1278	0	0	1	1278	18367	17090	0.0	2361
AL513382.1:4522618-4523895	343078_228140_Contig-17_Length-135505	100.000	1278	0	0	1	1278	99396	98119	0.0	2361
AL513382.1:4522618-4523895	343078_229152_Contig-17_Length-135598	100.000	1278	0	0	1	1278	99489	98212	0.0	2361
AL513382.1:4522618-4523895	343078_230164_Contig-21_Length-86488	100.000	1278	0	0	1	1278	36123	37400	0.0	2361
AL513382.1:4522618-4523895	343078_231176_Contig-17_Length-135644	100.000	1278	0	0	1	1278	99535	98258	0.0	2361
AL513382.1:4522618-4523895	343078_232188_Contig-17_Length-135757	100.000	1278	0	0	1	1278	99635	98358	0.0	2361
AL513382.1:4522618-4523895	343078_233105_Contig-14_Length-135505	100.000	1278	0	0	1	1278	99396	98119	0.0	2361
AL513382.1:4522618-4523895	343078_234117_Contig-30_Length-54444	100.000	1278	0	0	1	1278	18335	17058	0.0	2361
AL513382.1:4522618-4523895	343078_235129_Contig-32_Length-54489	100.000	1278	0	0	1	1278	36123	37400	0.0	2361
AL513382.1:4522618-4523895	343078_236141_Contig-17_Length-135519	100.000	1278	0	0	1	1278	99397	98120	0.0	2361
AL513382.1:4522618-4523895	343078_237153_Contig-30_Length-54483	100.000	1278	0	0	1	1278	18367	17090	0.0	2361
AL513382.1:4522618-4523895	343078_238165_Contig-29_Length-54489	100.000	1278	0	0	1	1278	18367	17090	0.0	2361
AL513382.1:4522618-4523895	343078_239177_Contig-16_Length-135519	100.000	1278	0	0	1	1278	99397	98120	0.0	2361
AL513382.1:4522618-4523895	343078_240189_Contig-17_Length-135412	100.000	1278	0	0	1	1278	99303	98026	0.0	2361
AL513382.1:4522618-4523895	343078_241106_Contig-20_Length-86488	100.000	1278	0	0	1	1278	50366	49089	0.0	2361
AL513382.1:4522618-4523895	343078_242118_Contig-17_Length-135519	100.000	1278	0	0	1	1278	99397	98120	0.0	2361
AL513382.1:4522618-4523895	343078_243130_Contig-31_Length-54489	100.000	1278	0	0	1	1278	18367	17090	0.0	2361
AL513382.1:4522618-4523895	343078_244142_Contig-16_Length-135499	100.000	1278	0	0	1	1278	99390	98113	0.0	2361
AL513382.1:4522618-4523895	343078_245143_Contig-16_Length-135499	100.000	1278	0	0	1	1278	99390	98113	0.0	2361
AL513382.1:4522618-4523895	343078_245154_Contig-16_Length-135505	100.000	1278	0	0	1	1278	99396	98119	0.0	2361
AL513382.1:4522618-4523895	343078_246131_Contig-22_Length-81394	100.000	1278	0	0	1	1278	50273	48996	0.0	2361
AL513382.1:4522618-4523895	343078_246166_Contig-17_Length-135505	100.000	1278	0	0	1	1278	99396	98119	0.0	2361
AL513382.1:4522618-4523895	343078_247119_Contig-23_Length-86475	100.000	1278	0	0	1	1278	50366	49089	0.0	2361
AL513382.1:4522618-4523895	343078_247178_Contig-30_Length-54450	100.000	1278	0	0	1	1278	18367	17090	0.0	2361
AL513382.1:4522618-4523895	343078_248190_Contig-21_Length-86475	100.000	1278	0	0	1	1278	50366	49089	0.0	2361
AL513382.1:4522618-4523895	343078_249107_Contig-17_Length-135483	100.000	1278	0	0	1	1278	99361	98084	0.0	2361
AL513382.1:4522618-4523895	343078_249190_Contig-31_Length-54476	100.000	1278	0	0	1	1278	18367	17090	0.0	2361
AL513382.1:4522618-4523895	343078_250119_Contig-31_Length-54489	100.000	1278	0	0	1	1278	18367	17090	0.0	2361
AL513382.1:4522618-4523895	343078_250178_Contig-21_Length-86382	100.000	1278	0	0	1	1278	50273	48996	0.0	2361
AL513382.1:4522618-4523895	343078_251131_Contig-32_Length-54476	100.000	1278	0	0	1	1278	18367	17090	0.0	2361
AL513382.1:4522618-4523895	343078_251166_Contig-30_Length-54489	100.000	1278	0	0	1	1278	18367	17090	0.0	2361
AL513382.1:4522618-4523895	343078_252143_Contig-17_Length-135519	100.000	1278	0	0	1	1278	99397	98120	0.0	2361
AL513382.1:4522618-4523895	343078_252154_Contig-21_Length-86488	100.000	1278	0	0	1	1278	50366	49089	0.0	2361
AL513382.1:4522618-4523895	343078_253142_Contig-16_Length-135505	100.000	1278	0	0	1	1278	99396	98119	0.0	2361
AL513382.1:4522618-4523895	343078_253155_Contig-17_Length-135505	100.000	1278	0	0	1	1278	99396	98119	0.0	2361
AL513382.1:4522618-4523895	343078_254130_Contig-17_Length-135505	100.000	1278	0	0	1	1278	99396	98119	0.0	2361
AL513382.1:4522618-4523895	343078_254167_Contig-16_Length-135612	100.000	1278	0	0	1	1278	99490	98213	0.0	2361
AL513382.1:4522618-4523895	343078_255118_Contig-17_Length-135484	100.000	1278	0	0	1	1278	99362	98085	0.0	2361
AL513382.1:4522618-4523895	343078_255179_Contig-30_Length-54476	100.000	1278	0	0	1	1278	18367	17090	0.0	2361
AL513382.1:4522618-4523895	343078_256106_Contig-32_Length-54489	100.000	1278	0	0	1	1278	18367	17090	0.0	2361
AL513382.1:4522618-4523895	343078_256191_Contig-32_Length-54424	100.000	1278	0	0	1	1278	18302	17025	0.0	2361
AL513382.1:4522618-4523895	343078_257108_Contig-30_Length-54462	98.905	1278	0	1	1	1278	18353	17090	0.0	2270
AL513382.1:4522618-4523895	343078_257189_Contig-22_Length-86475	100.000	1278	0	0	1	1278	50366	49089	0.0	2361
AL513382.1:4522618-4523895	343078_258120_Contig-17_Length-135377	100.000	1278	0	0	1	1278	99268	97991	0.0	2361
AL513382.1:4522618-4523895	343078_258177_Contig-31_Length-54489	100.000	1278	0	0	1	1278	18367	17090	0.0	2361
AL513382.1:4522618-4523895	343078_259132_Contig-16_Length-135519	100.000	1278	0	0	1	1278	99397	98120	0.0	2361
AL513382.1:4522618-4523895	343078_259165_Contig-31_Length-54489	100.000	1278	0	0	1	1278	18367	17090	0.0	2361
AL513382.1:4522618-4523895	343078_260144_Contig-16_Length-135519	100.000	1278	0	0	1	1278	99397	98120	0.0	2361
AL513382.1:4522618-4523895	343078_260153_Contig-22_Length-86475	100.000	1278	0	0	1	1278	36110	37387	0.0	2361
AL513382.1:4522618-4523895	343078_261141_Contig-28_Length-54489	100.000	1278	0	0	1	1278	18367	17090	0.0	2361
AL513382.1:4522618-4523895	343078_261156_Contig-19_Length-86488	100.000	1278	0	0	1	1278	50366	49089	0.0	2361
AL513382.1:4522618-4523895	343078_262129_Contig-19_Length-86482	100.000	1278	0	0	1	1278	50366	49089	0.0	2361
AL513382.1:4522618-4523895	343078_262168_Contig-30_Length-54507	100.000	1278	0	0	1	1278	18385	17108	0.0	2361
AL513382.1:4522618-4523895	343078_263117_Contig-30_Length-54489	100.000	1278	0	0	1	1278	18367	17090	0.0	2361
AL513382.1:4522618-4523895	343078_263180_Contig-19_Length-86488	100.000	1278	0	0	1	1278	50366	49089	0.0	2361
AL513382.1:4522618-4523895	343078_264105_Contig-23_Length-86475	100.000	1278	0	0	1	1278	50366	49089	0.0	2361
AL513382.1:4522618-4523895	343078_264192_Contig-17_Length-135513	100.000	1278	0	0	1	1278	99391	98114	0.0	2361
AL513382.1:4522618-4523895	343078_265109_Contig-21_Length-86475	100.000	1278	0	0	1	1278	50366	49089	0.0	2361
AL513382.1:4522618-4523895	343078_265188_Contig-32_Length-54476	100.000	1278	0	0	1	1278	18367	17090	0.0	2361
AL513382.1:4522618-4523895	343078_266121_Contig-22_Length-86475	100.000	1278	0	0	1	1278	50366	49089	0.0	2361
AL513382.1:4522618-4523895	343078_266176_Contig-21_Length-86475	100.000	1278	0	0	1	1278	36110	37387	0.0	2361
AL513382.1:4522618-4523895	343078_267133_Contig-17_Length-135499	100.000	1278	0	0	1	1278	99390	98113	0.0	2361
AL513382.1:4522618-4523895	343078_267164_Contig-21_Length-86395	100.000	1278	0	0	1	1278	50273	48996	0.0	2361
AL513382.1:4522618-4523895	343078_268145_Contig-17_Length-135504	100.000	1278	0	0	1	1278	99395	98118	0.0	2361
AL513382.1:4522618-4523895	343078_268152_Contig-19_Length-86488	100.000	1278	0	0	1	1278	50366	49089	0.0	2361
AL513382.1:4522618-4523895	343078_269140_Contig-31_Length-54476	100.000	1278	0	0	1	1278	18367	17090	0.0	2361
AL513382.1:4522618-4523895	343078_269157_Contig-16_Length-135612	100.000	1278	0	0	1	1278	99490	98213	0.0	2361
AL513382.1:4522618-4523895	343078_270128_Contig-15_Length-135469	100.000	1278	0	0	1	1278	99360	98083	0.0	2361
AL513382.1:4522618-4523895	343078_270169_Contig-17_Length-135412	100.000	1278	0	0	1	1278	99303	98026	0.0	2361
AL513382.1:4522618-4523895	343078_271116_Contig-16_Length-135505	100.000	1278	0	0	1	1278	99396	98119	0.0	2361
AL513382.1:4522618-4523895	343078_271181_Contig-31_Length-54476	100.000	1278	0	0	1	1278	18367	17090	0.0	2361
AL513382.1:4522618-4523895	343078_272104_Contig-32_Length-54476	100.000	1278	0	0	1	1278	18367	17090	0.0	2361
AL513382.1:4522618-4523895	343078_272193_Contig-29_Length-54476	100.000	1278	0	0	1	1278	18367	17090	0.0	2361
AL513382.1:4522618-4523895	343078_273110_Contig-31_Length-54479	100.000	1278	0	0	1	1278	18367	17090	0.0	2361
AL513382.1:4522618-4523895	343078_273187_Contig-31_Length-54489	100.000	1278	0	0	1	1278	18367	17090	0.0	2361
AL513382.1:4522618-4523895	343078_274122_Contig-16_Length-135716	100.000	1278	0	0	1	1278	99594	98317	0.0	2361
AL513382.1:4522618-4523895	343078_274175_Contig-16_Length-135505	100.000	1278	0	0	1	1278	99396	98119	0.0	2361
AL513382.1:4522618-4523895	343078_275134_Contig-31_Length-54476	100.000	1278	0	0	1	1278	18367	17090	0.0	2361
AL513382.1:4522618-4523895	343078_275163_Contig-21_Length-86488	100.000	1278	0	0	1	1278	50366	49089	0.0	2361
AL513382.1:4522618-4523895	343078_276146_Contig-35_Length-54476	100.000	1278	0	0	1	1278	18367	17090	0.0	2361
AL513382.1:4522618-4523895	343078_276151_Contig-21_Length-86475	100.000	1278	0	0	1	1278	50366	49089	0.0	2361
AL513382.1:4522618-4523895	343078_277139_Contig-17_Length-135505	100.000	1278	0	0	1	1278	99396	98119	0.0	2361
AL513382.1:4522618-4523895	343078_277158_Contig-17_Length-135484	100.000	1278	0	0	1	1278	99362	98085	0.0	2361
AL513382.1:4522618-4523895	343078_278127_Contig-15_Length-135505	100.000	1278	0	0	1	1278	99396	98119	0.0	2361
AL513382.1:4522618-4523895	343078_278170_Contig-17_Length-135505	100.000	1278	0	0	1	1278	99396	98119	0.0	2361
AL513382.1:4522618-4523895	343078_279115_Contig-16_Length-135498	100.000	1278	0	0	1	1278	99389	98112	0.0	2361
AL513382.1:4522618-4523895	343078_279182_Contig-30_Length-54476	100.000	1278	0	0	1	1278	18367	17090	0.0	2361
AL513382.1:4522618-4523895	343078_280103_Contig-21_Length-86488	100.000	1278	0	0	1	1278	50366	49089	0.0	2361
AL513382.1:4522618-4523895	343078_280194_Contig-30_Length-54476	100.000	1278	0	0	1	1278	18367	17090	0.0	2361
AL513382.1:4522618-4523895	343078_281111_Contig-16_Length-135519	100.000	1278	0	0	1	1278	99397	98120	0.0	2361
AL513382.1:4522618-4523895	343078_281186_Contig-16_Length-135505	100.000	1278	0	0	1	1278	99396	98119	0.0	2361
AL513382.1:4522618-4523895	343078_282123_Contig-30_Length-54489	100.000	1278	0	0	1	1278	18367	17090	0.0	2361
AL513382.1:4522618-4523895	343078_282174_Contig-20_Length-86382	100.000	1278	0	0	1	1278	50273	48996	0.0	2361
AL513382.1:4522618-4523895	343078_283135_Contig-16_Length-135499	100.000	1278	0	0	1	1278	99390	98113	0.0	2361
AL513382.1:4522618-4523895	343078_283162_Contig-20_Length-100004	100.000	1278	0	0	1	1278	99396	98119	0.0	2361
AL513382.1:4522618-4523895	343078_284147_Contig-32_Length-54489	100.000	1278	0	0	1	1278	36123	37400	0.0	2361
AL513382.1:4522618-4523895	343078_284150_Contig-15_Length-135505	100.000	1278	0	0	1	1278	99396	98119	0.0	2361
AL513382.1:4522618-4523895	343078_285138_Contig-29_Length-54476	99.922	1278	1	0	1	1278	18367	17090	0.0	2355
AL513382.1:4522618-4523895	343078_285159_Contig-30_Length-54489	100.000	1278	0	0	1	1278	18367	17090	0.0	2361
AL513382.1:4522618-4523895	343078_286126_Contig-21_Length-86382	100.000	1278	0	0	1	1278	36110	37387	0.0	2361
AL513382.1:4522618-4523895	343078_286171_Contig-29_Length-54489	100.000	1278	0	0	1	1278	18367	17090	0.0	2361
AL513382.1:4522618-4523895	343078_287114_Contig-17_Length-135505	100.000	1278	0	0	1	1278	99396	98119	0.0	2361
AL513382.1:4522618-4523895	343078_287183_Contig-29_Length-54411	100.000	1278	0	0	1	1278	18302	17025	0.0	2361
AL513382.1:4522618-4523895	343078_288102_Contig-17_Length-135412	100.000	1278	0	0	1	1278	99303	98026	0.0	2361
AL513382.1:4522618-4523895	343078_288195_Contig-17_Length-135505	100.000	1278	0	0	1	1278	99396	98119	0.0	2361
AL513382.1:4522618-4523895	343078_289185_Contig-17_Length-135505	100.000	1278	0	0	1	1278	99396	98119	0.0	2361
AL513382.1:4522618-4523895	343078_291161_Contig-21_Length-86488	100.000	1278	0	0	1	1278	50366	49089	0.0	2361
AL513382.1:4522618-4523895	343078_292149_Contig-30_Length-54476	100.000	1278	0	0	1	1278	18367	17090	0.0	2361
AL513382.1:4522618-4523895	343078_293137_Contig-32_Length-54489	100.000	1278	0	0	1	1278	18367	17090	0.0	2361
AL513382.1:4522618-4523895	343078_294125_Contig-17_Length-135406	100.000	1278	0	0	1	1278	99297	98020	0.0	2361
AL513382.1:4522618-4523895	343078_296101_Contig-17_Length-135505	100.000	1278	0	0	1	1278	99396	98119	0.0	2361
